23771544100
73684085500
52872751300
15887755500
36772870200
35606539700
54254773300
14835469700
15325234600
47251151400
15243576200
47136223200
71432491300
74795054100
35527138300
25412416100
89331741600
28707734200
47777582700
39113595800
35475613800
20286214100
94476168900
42564823900
58567264200
61365474600
61616383600
12345245100
47353848600
53648653600
22334453300
72526353800
98645377700
86356378100
98357858500
43546684700
88762865200
64443322200
00176534500
00164848400
55446622100
77746553600
99664455200
00172587200
82828282200
12121212100
45346345600
73736454000
88837726500
66277487600
33554477000
53425264700
84374528200
22228885500
99885674700
73874848400
11111667700
77556644400
99999333300
